2017552738
2017552739
2017552740
2017552741
2017552742
2017552743
2017552744
2017552745
2017552746
2017552747
2017552748
2017552749
2017553247
2017553248
2017553249
2017553250
2017553251
2017553252
2017553253
2017553254
2017553255
2017553256
2017553257
2017553258
2017553371
2017553372
2017553425
2017553426
2017553427
2017553428
2017553429
2017553430
2017553431
2017553432
2017553433
2017553434
2017553435
2017553436
2017553437
2017553438
2017553439
2017553440
2017553441
2017553442
2017553443
2017553444
2017553445
2017553446
2017553447
2017553448
2017553449
2017553450
2017553451
2017553452
2017553453
2017553466
2017553467
2017553468
2017553469
2017553470
2017553577
2017553587
2017553588
2017553589
2017553590
2017553591
2017553592
2017553593
2017553594
2017553595
2017553596
2017553597
2017553598
2017553599
2017553600
2017553601
2017553602
2017553603
2017553604
2017553605
2017553606
2017553607
2017553608
2017553609
2017553610
2017553665
2017553666
2017553667
2017553668
2017553669
2017553670
2017553671
2017553672
2017553673
2017553674
2017553675
2017553676
2017553677
2017553678
2017553679
2017553680
2017554178
2017554179
2017554180
2017554181
2017554171
2017554172
2017554173
2017554174
2017554175
2017554176
2017554177
2017554182
2017554183
2017554184
2017554185
2017554186
2017554187
2017554188
2017554189
2017554190
2017554191
2017552790
2017552792
2017552793
2017552794
2017552795
2017552796
2017552797
2017552798
2017552799
2017552800
2017552801
2017552802
2017552803
2017552804
2017552805
2017552806
2017552807
2017552808
2017552809
2017552810
2017552811
2017552812
2017552813
2017552814
2017552956
2017552957
2017553306
2017553307
2017552888
2017552889
2017552890
2017553067
2017553068
2017553069
2017553070
2017553071
2017553072
2017553073
2017553074
2017553075
2017553076
2017553077
2017553078
2017553079
2017553080
2017553081
2017553082
2017553083
2017553084
2017553085
2017553086
2017553089
2017553090
2017553091
2017553093
2017554108
2017554109
2017554110
2017554111
2017554112
2017554113
2017554114
2017554115
2017554116
2017554117
2017554118
2017554119
2017554120
2017554121
2017554122
2017554123
2017554124
2017554125
2017554126
2017554127
2017554128
2017554129
2017554130
2017554131
2017553242
2017553585
2017553586
2017553611
2017553612
2017553613
2017553614
2017553615
2017553616
2017553617
2017553618
2017553619
2017553620
2017553621
2017553622
2017553623
2017553624
2017553625
2017553626
2017553627
2017553628
2017553658
2017553659
2017553660
2017553661
2017553662
2017553663
2017553664
2017553681
2017553682
2017553683
2017553754
2017553755
2017553756
2017553757
2017553758
2017553759
2017553760
2017553761
2017553762
2017553803
2017553804
2017553805
2017553806
2017553807
2017553808
2017553809
2017553810
2017553811
2017553882
2017553883
2017553884
2017553885
2017553886
2017553887
2017553888
2017553889
2017553890
2017553891
2017553892
2017553893
2017553894
2017553895
2017553896
2017554016
2017554055
2017554056
2017554057
2017554058
2017554059
2017554060
2017554061
2017554062
2017554063
2017554064
2017553927
2017553928
2017553929
2017553930
2017553931
2017553932
2017553933
2017553934
2017553935
2017553936
2017553937
2017553938
2017553939
2017553940
2017553941
2017553942
2017553943
2017553944
2017553945
2017553946
2017553947
2017553948
2017553949
2017553950
2017553951
2017553952
2017553953
2017553954
2017553955
2017554049
2017554050
2017554051
2017554052
2017554038
2017554039
2017554040
2017554041
2017554042
2017554043
2017554044
2017554045
2017554046
2017554047
2017554048
2017554132
2017554133
2017554134
2017554135
2017554136
2017554137
2017554138
2017554139
2017554140
2017554141
2017554142
2017554143
2017554144
2017554145
2017554146
2017554147
2017554150
2017554151
2017554152
2017554153
2017554154
2017554156
2017554157
2017554158
2017554159
2017554160
2017554161
2017554162
2017552750
2017552751
2017552752
2017552753
2017552754
2017552755
2017552756
2017552791
2017552815
2017552816
2017552820
2017552821
2017552822
2017552824
2017552825
2017552826
2017552827
2017552891
2017552892
2017552893
2017552894
2017552895
2017552896
2017552973
2017552974
2017552976
2017552977
2017552978
2017552979
2017553031
2017553032
2017553033
2017553034
2017553035
2017553036
2017553037
2017553038
2017553039
2017553040
2017553041
2017553105
2017553106
2017553107
2017553108
2017553109
2017553174
2017553175
2017553261
2017553262
2017553263
2017553264
2017553265
2017553316
2017553317
2017553395
2017553396
2017553397
2017553398
2017553399
2017553400
2017553401
2017553402
2017553404
2017553405
2017553406
2017553407
2017553408
2017553409
2017553411
2017553412
2017553413
2017553414
2017553415
2017553416
2017553417
2017553481
2017553482
2017553483
2017553484
2017553485
2017553495
2017553496
2017553497
2017553561
2017553562
2017553563
2017553564
2017553565
2017553566
2017553567
2017553568
2017553569
2017553570
2017553701
2017553702
2017553703
2017553704
2017553705
2017553706
2017553707
2017553708
2017553709
2017553710
2017553711
2017553740
2017553741
2017553742
2017553743
2017553744
2017553745
2017553746
2017553747
2017553748
2017553749
2017553750
2017553751
2017553752
2017553753
2017553824
2017553825
2017553826
2017553827
2017553828
2017553829
2017553830
2017553831
2017553832
2017553833
2017553834
2017553835
2017553836
2017553845
2017553846
2017553847
2017553848
2017553849
2017553850
2017553851
2017553852
2017553853
2017553854
2017553855
2017553856
2017553877
2017553878
2017553879
2017553880
2017553881
2017554065
2017553897
2017553898
2017553899
2017553900
2017553901
2017553902
2017553903
2017553904
2017553905
2017553906
2017553907
2017553908
2017553909
2017553910
2017553911
2017553912
2017553913
2017553914
2017553915
2017553916
2017553917
2017553918
2017553919
2017553920
2017553921
2017553922
2017553923
2017553924
2017553925
2017552898
2017552901
2017553629
2017553635
2017553638
2017553630
2017553631
2017553632
2017552900
2017553633
2017553634
2017552899
2017553636
2017552902
2017553637
2017553639
2017553640
2017552972
2017552975
2017552819
2017552823
2017552830
2017552831
2017552829
2017552832
2017552833
2017553819
2017553820
2017553821
2017553822
2017553823
2017553260
2017553267
2017553268
2017553269
2017553270
2017553271
2017553272
2017552987
2017553104
2017552990
2017553403
2017553410
2017553418
2017553420
2017553421
2017553423
2017553419
2017553454
2017553455
2017553422
2017553424
2017553456
2017553457
2017553458
2017553459
2017553461
2017553474
2017553479
2017553460
2017553464
2017553472
2017553476
2017553477
2017553463
2017553462
2017553473
2017553475
2017553478
2017553480
2017553841
2017553842
2017553837
2017553838
2017553839
2017553840
2017553843
2017553844
2017553857
2017553858
2017553859
2017553860
2017553861
2017553862
2017553117
2017553863
2017553864
2017553865
2017553866
2017553867
2017553518
2017553519
2017552841
2017552842
2017553956
2017553957
2017552913
2017553692
2017553695
2017553694
2017553699
2017553693
2017553697
2017553696
2017553700
2017553698
2017553732
2017553733
2017553795
2017553796
2017553121
2017553122
2017553124
2017553123
2017553125
2017552941
2017552932
2017552942
2017554079
2017554093
2017553967
2017553968
2017553969
2017553970
2017553971
2017553972
2017553973
2017553974
2017553975
2017553976
2017553977
2017553978
2017553979
2017553980
2017553981
2017553982
2017553983
2017553984
2017553985
2017553986
2017553987
2017553988
2017553989
2017553990
2017553991
2017553992
2017553993
2017553994
2017553995
2017554030
2017554031
2017554032
2017554033
2017554034
2017554035
2017554036
2017554037
2017553320
2017553323
2017553354
2017553050
2017553052
2017553056
2017553057
2017553058
2017553051
2017553053
2017553054
2017553055
2017553237
2017553239
2017553238
2017553240
2017553529
2017552757
2017552758
2017553996
2017553997
2017553998
2017553999
2017554000
2017554001
2017554002
2017554003
2017554004
2017554005
2017554006
2017554007
2017554008
2017554013
2017554018
2017554029
2017554009
2017554010
2017554011
2017554012
2017554014
2017554015
2017554017
2017554019
2017554020
2017554022
2017554023
2017554024
2017554025
2017554026
2017554021
2017554027
2017554028
2017552759
2017552760
2017552761
2017552762
2017552763
2017552764
2017552765
2017552766
2017552767
2017552768
2017552769
2017552770
2017552771
2017552772
2017552773
2017552774
2017552775
2017552776
2017552777
2017552778
2017552779
2017552780
2017552781
2017552782
2017552783
2017552784
2017552785
2017552786
2017552787
2017552788
2017552789
2017552817
2017552818
2017552828
2017552834
2017552835
2017552836
2017552837
2017552838
2017552839
2017552840
2017552843
2017552844
2017552845
2017552846
2017552847
2017552848
2017552849
2017552850
2017552851
2017552852
2017552853
2017552854
2017552855
2017552856
2017552857
2017552858
2017552859
2017552860
2017552861
2017552862
2017552863
2017552864
2017552865
2017552866
2017552867
2017552868
2017552869
2017552870
2017552871
2017552872
2017552873
2017552874
2017552875
2017552876
2017552877
2017552878
2017552879
2017552880
2017552881
2017552882
2017552883
2017552884
2017552885
2017552886
2017552887
2017552897
2017552903
2017552904
2017552905
2017552906
2017552907
2017552908
2017552909
2017552910
2017552911
2017552912
2017552914
2017552915
2017552916
2017552917
2017552918
2017552919
2017552920
2017552921
2017552922
2017552923
2017552924
2017552925
2017552926
2017552927
2017552928
2017552929
2017552930
2017552931
2017552933
2017552934
2017552935
2017552936
2017552937
2017552938
2017552939
2017552940
2017552943
2017552944
2017552945
2017552946
2017552947
2017552948
2017552949
2017552950
2017552951
2017552952
2017552953
2017552954
2017552955
2017552958
2017552959
2017552960
2017552961
2017552962
2017552963
2017552964
2017552965
2017552966
2017552967
2017552968
2017552969
2017552970
2017552971
2017552980
2017552981
2017552982
2017552983
2017552984
2017552985
2017552986
2017552988
2017552989
2017552991
2017552992
2017552993
2017552994
2017552995
2017552996
2017552997
2017552998
2017552999
2017553000
2017553001
2017553002
2017553003
2017553004
2017553005
2017553006
2017553007
2017553008
2017553009
2017553010
2017553011
2017553012
2017553013
2017553014
2017553015
2017553016
2017553017
2017553018
2017553019
2017553020
2017553021
2017553022
2017553023
2017553024
2017553025
2017553026
2017553027
2017553028
2017553029
2017553030
2017553042
2017553043
2017553044
2017553045
2017553046
2017553047
2017553048
2017553049
2017553059
2017553060
2017553061
2017553062
2017553063
2017553064
2017553065
2017553066
2017553087
2017553088
2017553092
2017553094
2017553095
2017553096
2017553097
2017553098
2017553099
2017553100
2017553101
2017553102
2017553103
2017553110
2017553111
2017553112
2017553113
2017553114
2017553115
2017553116
2017553118
2017553119
2017553120
2017553126
2017553127
2017553128
2017553129
2017553130
2017553131
2017553132
2017553133
2017553134
2017553135
2017553136
2017553137
2017553138
2017553139
2017553140
2017553141
2017553142
2017553143
2017553144
2017553145
2017553146
2017553147
2017553148
2017553149
2017553150
2017553151
2017553152
2017553153
2017553154
2017553155
2017553156
2017553157
2017553158
2017553159
2017553160
2017553161
2017553162
2017553163
2017553164
2017553165
2017553166
2017553167
2017553168
2017553169
2017553170
2017553171
2017553172
2017553173
2017553176
2017553177
2017553178
2017553179
2017553180
2017553181
2017553182
2017553183
2017553184
2017553185
2017553186
2017553187
2017553188
2017553189
2017553190
2017553191
2017553192
2017553193
2017553194
2017553195
2017553196
2017553197
2017553198
2017553199
2017553200
2017553201
2017553202
2017553203
2017553204
2017553205
2017553206
2017553207
2017553208
2017553209
2017553210
2017553211
2017553212
2017553213
2017553214
2017553215
2017553216
2017553217
2017553218
2017553219
2017553220
2017553221
2017553222
2017553223
2017553224
2017553225
2017553226
2017553227
2017553228
2017553229
2017553230
2017553231
2017553232
2017553233
2017553234
2017553235
2017553236
2017553241
2017553243
2017553244
2017553245
2017553246
2017553259
2017553266
2017553273
2017553274
2017553275
2017553276
2017553277
2017553278
2017553279
2017553280
2017553281
2017553282
2017553283
2017553284
2017553285
2017553286
2017553287
2017553288
2017553289
2017553290
2017553291
2017553292
2017553293
2017553294
2017553295
2017553296
2017553297
2017553298
2017553299
2017553300
2017553301
2017553302
2017553303
2017553304
2017553305
2017553308
2017553309
2017553310
2017553311
2017553312
2017553313
2017553314
2017553315
2017553318
2017553319
2017553321
2017553322
2017553324
2017553325
2017553326
2017553327
2017553328
2017553329
2017553330
2017553331
2017553332
2017553333
2017553334
2017553335
2017553336
2017553337
2017553338
2017553339
2017553340
2017553341
2017553342
2017553343
2017553344
2017553345
2017553346
2017553347
2017553348
2017553349
2017553350
2017553351
2017553352
2017553353
2017553355
2017553356
2017553357
2017553358
2017553359
2017553360
2017553361
2017553362
2017553363
2017553364
2017553365
2017553366
2017553367
2017553368
2017553369
2017553370
2017553373
2017553374
2017553375
2017553376
2017553377
2017553378
2017553379
2017553380
2017553381
2017553382
2017553383
2017553384
2017553385
2017553386
2017553387
2017553388
2017553389
2017553390
2017553391
2017553392
2017553393
2017553394
2017553471
2017553486
2017553487
2017553488
2017553489
2017553490
2017553491
2017553492
2017553493
2017553494
2017553498
2017553499
2017553500
2017553501
2017553502
2017553503
2017553504
2017553505
2017553506
2017553507
2017553508
2017553509
2017553510
2017553511
2017553512
2017553513
2017553514
2017553515
2017553516
2017553517
2017553520
2017553521
2017553522
2017553523
2017553524
2017553525
2017553526
2017553527
2017553528
2017553530
2017553531
2017553532
2017553533
2017553534
2017553535
2017553536
2017553537
2017553538
2017553539
2017553540
2017553541
2017553542
2017553543
2017553544
2017553545
2017553546
2017553547
2017553548
2017553549
2017553550
2017553551
2017553552
2017553553
2017553554
2017553555
2017553556
2017553557
2017553558
2017553559
2017553560
2017553571
2017553572
2017553573
2017553574
2017553575
2017553576
2017553578
2017553579
2017553580
2017553581
2017553582
2017553583
2017553584
2017553641
2017553642
2017553643
2017553644
2017553645
2017553646
2017553647
2017553648
2017553649
2017553650
2017553651
2017553652
2017553653
2017553654
2017553655
2017553656
2017553657
2017553684
2017553685
2017553686
2017553687
2017553688
2017553689
2017553690
2017553691
2017553712
2017553713
2017553714
2017553715
2017553716
2017553717
2017553718
2017553719
2017553720
2017553721
2017553722
2017553723
2017553724
2017553725
2017553726
2017553727
2017553728
2017553729
2017553730
2017553731
2017553734
2017553735
2017553736
2017553737
2017553738
2017553739
2017553763
2017553764
2017553765
2017553766
2017553767
2017553768
2017553769
2017553770
2017553771
2017553772
2017553773
2017553774
2017553775
2017553776
2017553777
2017553778
2017553779
2017553780
2017553781
2017553782
2017553783
2017553784
2017553785
2017553786
2017553787
2017553788
2017553789
2017553790
2017553791
2017553792
2017553793
2017553794
2017553797
2017553798
2017553799
2017553800
2017553801
2017553802
2017553812
2017553813
2017553814
2017553815
2017553816
2017553817
2017553818
2017553868
2017553869
2017553870
2017553871
2017553872
2017553873
2017553874
2017553875
2017553876
2017553926
2017553958
2017553959
2017553960
2017553961
2017553962
2017553963
2017553964
2017553965
2017553966
2017554053
2017554054
2017554066
2017554067
2017554068
2017554069
2017554070
2017554071
2017554072
2017554073
2017554074
2017554075
2017554076
2017554077
2017554078
2017554080
2017554081
2017554082
2017554083
2017554084
2017554085
2017554086
2017554087
2017554088
2017554089
2017554090
2017554091
2017554092
2017554094
2017554095
2017554096
2017554097
2017554098
2017554099
2017554100
2017554101
2017554102
2017554103
2017554104
2017554105
2017554106
2017554107
2017554148
2017554149
2017554155
2017554163
2017554164
2017554165
2017554166
2017554167
2017554168
2017554169
2017554170